PSrc PDst
18681 14181
18682 14182
18683 14183
14074 18574
18684 14184
18685 14185
18686 14186
18687 14187
18688 14188
18689 14189
18690 14190
18691 14191
14008 18508
18692 14192
18693 14193
18694 14194
18695 14195
18696 14196
18697 14197
18698 14198
18699 14199
18700 14200
18701 14201
18702 14202
18706 14206
18707 14207
18715 14215
18716 14216
18717 14217
18718 14218
18719 14219
14130 18630
18720 14220
18721 14221
14109 18609
18722 14222
18723 14223
18724 14224
18725 14225
18726 14226
18727 14227
14043 18543
18728 14228
14168 18668
14103 18603
18729 14229
18730 14230
18731 14231
18732 14232
18733 14233
18734 14234
18735 14235
14003 18503
14165 18665
18736 14236
18737 14237
18738 14238
18739 14239
18740 14240
18741 14241
18742 14242
18743 14243
18744 14244
18745 14245
18746 14246
18747 14247
18748 14248
18749 14249
18750 14250
18751 14251
18752 14252
18753 14253
18754 14254
14141 18641
18755 14255
14015 18515
18756 14256
14040 18540
18757 14257
18758 14258
18759 14259
18760 14260
18761 14261
14170 18670
14121 18621
18833 14333
18834 14334
18835 14335
18836 14336
14132 18632
18837 14337
18838 14338
18839 14339
18840 14340
18841 14341
18842 14342
18843 14343
18844 14344
18845 14345
18846 14346
18847 14347
18848 14348
18849 14349
18850 14350
18851 14351
14084 18584
18852 14352
18853 14353
18857 14357
14108 18608
14211 18711
18861 14361
14012 18512
14017 18517
18869 14369
18870 14370
18871 14371
18872 14372
18873 14373
18874 14374
18875 14375
18876 14376
18877 14377
14077 18577
18878 14378
18930 14430
18932 14432
18933 14433
18934 14434
18935 14435
18936 14436
18937 14437
18938 14438
14154 18654
18954 14454
18955 14455
18956 14456
18957 14457
18958 14458
18959 14459
18960 14460
14147 18647
14157 18657
14319 18819
14009 18509
18961 14461
18969 14469
18970 14470
18971 14471
14138 18638
18972 14472
18991 14491
14054 18554
18992 14492
18993 14493
18994 14494
14420 18920
14051 18551
14180 18680
19006 14506
19007 14507
19008 14508
19009 14509
14082 18582
19010 14510
19011 14511
19012 14512
19013 14513
19014 14514
19015 14515
14096 18596
14443 18943
14133 18633
19016 14516
19017 14517
19018 14518
14031 18531
19019 14519
19020 14520
19021 14521
19022 14522
19023 14523
19024 14524
14080 18580
14097 18597
19025 14525
19026 14526
19027 14527
14063 18563
19028 14528
19030 14530
19031 14531
14402 18902
19032 14532
19033 14533
19034 14534
19035 14535
19036 14536
14010 18510
14365 18865
19037 14537
19038 14538
19039 14539
14392 18892
19041 14541
14289 18789
19042 14542
19043 14543
14075 18575
19044 14544
19045 14545
19046 14546
19068 14568
14324 18824
19069 14569
19070 14570
19071 14571
14417 18917
19073 14573
19074 14574
19075 14575
19076 14576
19077 14577
14368 18868
19078 14578
14281 18781
19096 14596
19097 14597
19098 14598
19099 14599
19100 14600
19101 14601
19102 14602
19125 14625
14079 18579
14014 18514
19126 14626
19127 14627
19128 14628
19136 14636
14449 18949
19137 14637
14328 18828
19138 14638
14488 18988
19139 14639
19140 14640
19141 14641
14116 18616
19142 14642
19143 14643
14321 18821
19144 14644
19145 14645
19146 14646
19147 14647
19148 14648
19197 14697
14111 18611
19198 14698
19199 14699
19200 14700
19201 14701
14310 18810
19202 14702
19203 14703
19204 14704
14143 18643
19205 14705
14408 18908
19206 14706
19207 14707
19208 14708
19209 14709
19210 14710
19211 14711
19212 14712
14364 18864
19213 14713
19214 14714
14563 19063
19215 14715
19216 14716
19217 14717
19218 14718
19219 14719
19220 14720
19221 14721
19222 14722
14658 19158
14331 18831
19223 14723
19224 14724
19225 14725
19226 14726
19227 14727
19228 14728
14163 18663
14555 19055
19229 14729
19230 14730
19231 14731
19234 14734
19233 14733
19235 14735
19236 14736
19237 14737
19238 14738
14452 18952
19239 14739
19240 14740
14002 18502
14268 18768
14675 19175
14100 18600
19248 14748
19249 14749
14580 19080
14614 19114
19250 14750
19251 14751
19252 14752
14292 18792
19261 14761
19263 14763
19264 14764
14419 18919
19265 14765
19266 14766
19267 14767
19268 14768
19269 14769
14016 18516
14169 18669
19281 14781
19282 14782
14617 19117
14089 18589
14042 18542
14001 18501
19283 14783
19288 14788
19295 14795
14162 18662
14384 18884
19296 14796
19297 14797
19298 14798
19299 14799
14144 18644
14468 18968
19300 14800
14603 19103
19301 14801
19302 14802
14150 18650
14394 18894
19303 14803
19304 14804
14137 18637
19305 14805
14101 18601
19306 14806
19307 14807
14649 19149
19308 14808
19309 14809
14024 18524
14409 18909
14070 18570
19310 14810
19311 14811
19312 14812
19322 14822
19323 14823
19324 14824
19325 14825
19326 14826
14495 18995
19327 14827
19328 14828
14303 18803
19333 14833
19334 14834
19335 14835
19336 14836
14317 18817
19337 14837
14500 19000
19338 14838
14048 18548
14363 18863
14177 18677
19340 14840
14654 19154
19341 14841
14205 18705
19344 14844
19345 14845
19346 14846
14787 19287
14741 19241
19347 14847
19348 14848
14498 18998
14068 18568
14465 18965
19352 14852
14689 19189
19353 14853
19357 14857
19358 14858
14385 18885
14415 18915
19359 14859
14467 18967
14122 18622
19364 14864
14483 18983
14052 18552
19365 14865
14093 18593
14129 18629
14621 19121
14270 18770
19368 14868
14078 18578
19369 14869
19370 14870
19371 14871
19372 14872
19379 14879
19380 14880
19381 14881
14124 18624
14160 18660
14057 18557
14529 19029
19384 14884
19385 14885
14262 18762
14635 19135
19386 14886
19387 14887
19388 14888
19389 14889
19390 14890
14085 18585
19391 14891
19392 14892
19435 14935
19436 14936
19437 14937
19438 14938
19439 14939
14631 19131
19440 14940
19441 14941
19442 14942
19445 14945
14624 19124
14784 19284
14405 18905
19446 14946
19447 14947
19448 14948
19449 14949
19450 14950
19451 14951
14316 18816
19452 14952
19477 14977
14497 18997
14140 18640
19478 14978
19479 14979
19480 14980
14265 18765
14406 18906
19490 14990
19507 15007
19508 15008
19510 15010
19509 15009
19520 15020
14175 18675
19521 15021
19522 15022
19523 15023
14087 18587
19524 15024
19525 15025
19526 15026
19527 15027
14676 19176
14120 18620
19528 15028
19529 15029
19531 15031
19532 15032
19533 15033
14330 18830
14172 18672
19534 15034
19535 15035
14203 18703
14279 18779
19537 15037
14554 19054
14756 19256
14780 19280
14403 18903
19538 15038
19539 15039
19540 15040
19541 15041
14674 19174
19542 15042
19543 15043
14592 19092
14090 18590
19545 15045
14623 19123
19546 15046
19547 15047
14659 19159
14501 19001
19548 15048
19550 15050
14299 18799
19551 15051
14905 19405
14091 18591
19554 15054
14581 19081
19555 15055
19560 15060
19561 15061
19562 15062
19563 15063
19564 15064
14829 19329
19572 15072
19573 15073
14926 19426
14439 18939
19574 15074
19575 15075
19576 15076
19577 15077
14849 19349
19578 15078
14404 18904
19579 15079
19580 15080
19581 15081
14986 19486
14670 19170
19585 15085
19586 15086
19587 15087
14311 18811
14987 19487
19588 15088
19589 15089
14695 19195
19590 15090
14277 18777
19591 15091
14562 19062
19592 15092
19596 15096
14669 19169
19597 15097
19598 15098
19599 15099
19600 15100
19601 15101
14680 19180
19602 15102
19603 15103
19627 15127
14955 19455
14146 18646
19628 15128
15030 19530
14480 18980
14919 19419
19629 15129
19630 15130
19633 15133
14923 19423
14313 18813
19634 15134
19635 15135
14821 19321
19636 15136
19637 15137
19638 15138
14489 18989
14412 18912
19641 15141
19642 15142
14894 19394
19643 15143
14742 19242
15070 19570
19657 15157
19658 15158
19659 15159
14974 19474
14607 19107
19666 15166
14309 18809
19667 15167
14693 19193
19668 15168
14792 19292
19669 15169
19670 15170
15071 19571
14557 19057
14851 19351
14832 19332
19702 15202
19703 15203
14820 19320
14273 18773
14619 19119
19704 15204
19705 15205
14380 18880
14423 18923
14356 18856
15000 19500
19707 15207
19708 15208
19709 15209
19710 15210
19711 15211
19712 15212
19713 15213
14595 19095
14312 18812
19716 15216
19717 15217
14777 19277
19718 15218
14606 19106
19719 15219
19720 15220
14358 18858
19721 15221
15173 19673
14895 19395
19722 15222
19750 15250
14397 18897
14927 19427
14662 19162
19751 15251
15162 19662
19752 15252
15161 19661
19754 15254
19755 15255
14687 19187
19756 15256
15058 19558
19757 15257
19758 15258
19759 15259
14427 18927
19772 15272
19773 15273
14425 18925
19774 15274
15104 19604
19775 15275
19776 15276
14830 19330
19777 15277
19778 15278
15122 19622
19780 15280
19779 15279
14632 19132
19781 15281
19782 15282
19783 15283
19784 15284
19785 15285
19786 15286
19787 15287
19805 15305
14747 19247
19806 15306
14972 19472
15109 19609
15111 19611
19807 15307
19808 15308
19809 15309
14776 19276
19810 15310
15225 19725
19811 15311
19812 15312
14566 19066
15248 19748
14587 19087
19814 15314
19815 15315
19816 15316
14899 19399
19817 15317
14754 19254
19818 15318
19819 15319
14964 19464
19820 15320
19821 15321
19822 15322
19823 15323
19825 15325
19826 15326
14966 19466
19827 15327
19828 15328
19829 15329
19830 15330
19831 15331
19832 15332
14772 19272
19833 15333
15132 19632
19836 15336
19839 15339
14793 19293
19840 15340
14594 19094
19841 15341
19845 15345
19846 15346
19847 15347
15264 19764
19848 15348
14418 18918
14478 18978
19849 15349
14400 18900
19852 15352
14463 18963
14421 18921
14390 18890
19855 15355
14634 19134
19856 15356
14962 19462
19857 15357
14678 19178
14779 19279
19858 15358
14961 19461
15187 19687
15226 19726
19860 15360
19861 15361
19862 15362
14605 19105
19863 15363
19864 15364
15241 19741
14671 19171
14652 19152
19869 15369
19870 15370
19871 15371
14414 18914
19872 15372
15006 19506
19873 15373
19874 15374
19875 15375
19876 15376
19880 15380
15019 19519
19881 15381
19882 15382
19883 15383
19884 15384
19885 15385
19886 15386
19887 15387
19888 15388
14758 19258
15125 19625
14790 19290
19889 15389
19890 15390
15335 19835
19891 15391
19897 15397
19898 15398
14815 19315
19925 15425
19926 15426
19927 15427
19928 15428
19929 15429
19930 15430
19931 15431
15153 19653
19932 15432
15324 19824
14686 19186
19934 15434
19940 15440
19941 15441
19942 15442
19943 15443
14873 19373
15246 19746
19944 15444
19945 15445
14876 19376
19951 15451
14993 19493
14897 19397
19952 15452
19953 15453
19954 15454
19955 15455
19956 15456
19957 15457
19958 15458
19959 15459
19960 15460
19961 15461
14484 18984
19964 15464
14503 19003
19965 15465
19966 15466
19967 15467
14589 19089
19968 15468
19970 15470
19971 15471
19972 15472
19973 15473
14912 19412
19974 15474
19975 15475
19976 15476
19986 15486
14540 19040
14552 19052
20001 15501
20002 15502
20003 15503
20004 15504
20005 15505
15359 19859
20006 15506
20007 15507
20008 15508
20009 15509
15418 19918
20040 15540
20041 15541
15229 19729
20042 15542
14609 19109
20043 15543
20044 15544
20045 15545
20046 15546
20047 15547
20048 15548
20049 15549
15233 19733
20050 15550
20051 15551
20052 15552
20053 15553
14665 19165
20054 15554
15082 19582
20055 15555
20056 15556
20057 15557
20058 15558
20059 15559
15093 19593
20060 15560
20061 15561
20062 15562
15150 19650
14622 19122
14907 19407
14958 19458
20063 15563
20064 15564
15409 19909
14883 19383
20069 15569
14694 19194
20070 15570
20071 15571
20072 15572
20073 15573
15215 19715
15206 19706
20074 15574
20075 15575
20076 15576
20077 15577
15126 19626
20080 15580
20081 15581
20082 15582
14819 19319
20083 15583
20084 15584
20085 15585
14679 19179
20107 15607
14778 19278
20108 15608
14732 19232
14813 19313
20109 15609
20110 15610
14612 19112
15463 19963
20121 15621
20122 15622
20123 15623
20124 15624
20125 15625
14901 19401
14900 19400
20144 15644
20145 15645
14903 19403
15005 19505
20146 15646
14976 19476
20147 15647
14995 19495
15404 19904
20148 15648
20149 15649
15214 19714
20150 15650
20151 15651
15118 19618
20152 15652
15131 19631
14667 19167
20153 15653
14910 19410
15106 19606
14909 19409
20156 15656
20157 15657
20158 15658
20159 15659
15230 19730
14911 19411
20160 15660
20166 15666
20165 15665
20167 15667
20168 15668
20169 15669
20170 15670
14850 19350
15094 19594
20171 15671
14953 19453
15149 19649
20172 15672
20173 15673
20174 15674
20175 15675
20176 15676
20177 15677
20178 15678
20179 15679
14992 19492
14759 19259
20180 15680
14925 19425
20181 15681
20182 15682
20183 15683
20184 15684
15292 19792
20185 15685
20186 15686
20202 15702
20203 15703
15179 19679
20204 15704
20205 15705
20206 15706
20207 15707
20208 15708
20209 15709
20210 15710
20211 15711
20215 15715
14914 19414
20216 15716
20217 15717
20218 15718
14999 19499
20240 15740
15600 20100
20244 15744
20245 15745
20246 15746
15522 20022
20247 15747
20248 15748
20249 15749
20250 15750
20253 15753
20254 15754
20255 15755
20256 15756
20257 15757
20258 15758
15139 19639
20259 15759
20260 15760
20261 15761
20262 15762
15603 20103
20263 15763
15053 19553
20264 15764
20265 15765
20266 15766
20270 15770
20271 15771
15393 19893
20272 15772
20273 15773
20277 15777
20278 15778
20279 15779
15117 19617
15270 19770
20280 15780
15165 19665
20281 15781
20282 15782
20283 15783
15655 20155
15301 19801
20284 15784
15181 19681
20285 15785
14984 19484
15351 19851
20286 15786
20287 15787
15512 20012
20294 15794
20295 15795
20296 15796
20297 15797
20298 15798
14918 19418
20299 15799
20300 15800
15595 20095
20325 15825
20326 15826
20327 15827
20328 15828
20329 15829
20330 15830
15733 20233
20337 15837
20338 15838
15538 20038
15271 19771
20339 15839
20340 15840
20341 15841
14965 19465
20342 15842
20343 15843
14904 19404
20344 15844
20345 15845
20346 15846
20347 15847
15776 20276
15260 19760
20351 15851
14920 19420
14878 19378
15188 19688
15483 19983
20352 15852
20353 15853
20354 15854
20355 15855
20356 15856
20357 15857
14994 19494
20360 15860
15057 19557
15492 19992
20361 15861
20362 15862
20363 15863
20364 15864
15147 19647
15300 19800
15439 19939
15689 20189
20375 15875
15186 19686
15253 19753
20376 15876
20377 15877
20378 15878
15804 20304
20379 15879
20380 15880
15232 19732
20381 15881
15177 19677
20382 15882
20389 15889
15036 19536
20390 15890
20391 15891
20392 15892
15530 20030
20393 15893
20394 15894
15262 19762
15801 20301
20395 15895
20396 15896
20397 15897
15403 19903
20406 15906
15511 20011
15411 19911
20407 15907
15433 19933
20408 15908
20409 15909
20410 15910
15145 19645
20438 15938
20439 15939
20440 15940
15379 19879
20441 15941
20442 15942
15234 19734
15871 20371
20443 15943
20444 15944
20445 15945
15768 20268
20446 15946
20447 15947
15813 20313
20480 15980
15105 19605
15293 19793
20481 15981
20482 15982
15249 19749
15447 19947
15833 20333
20483 15983
15620 20120
15731 20231
20489 15989
15378 19878
20490 15990
20491 15991
20492 15992
15858 20358
15175 19675
20493 15993
20494 15994
20495 15995
20513 16013
20514 16014
20515 16015
20516 16016
20517 16017
15596 20096
20518 16018
15056 19556
20519 16019
20521 16021
20522 16022
20523 16023
15911 20411
20524 16024
20526 16026
15974 20474
15337 19837
20527 16027
15124 19624
20528 16028
15690 20190
15415 19915
20529 16029
15963 20463
15413 19913
15368 19868
15567 20067
15406 19906
20530 16030
15725 20225
20538 16038
20539 16039
15519 20019
15599 20099
20540 16040
15065 19565
20541 16041
20542 16042
20543 16043
15191 19691
15354 19854
15966 20466
15662 20162
20570 16070
20571 16071
20572 16072
15968 20468
20573 16073
15806 20306
20574 16074
15423 19923
20575 16075
15489 19989
15197 19697
20577 16077
15402 19902
15227 19727
15182 19682
15964 20464
20588 16088
20589 16089
20590 16090
15888 20388
20600 16100
20601 16101
20602 16102
20603 16103
20604 16104
20605 16105
20606 16106
15952 20452
15484 19984
20607 16107
20608 16108
20609 16109
20610 16110
15803 20303
20611 16111
15951 20451
16035 20535
15164 19664
20612 16112
20613 16113
15196 19696
15587 20087
20614 16114
20615 16115
20616 16116
20617 16117
15815 20315
20618 16118
15729 20229
20619 16119
20620 16120
15930 20430
20621 16121
15176 19676
20622 16122
20623 16123
20624 16124
15751 20251
20625 16125
15613 20113
20626 16126
20627 16127
20628 16128
20629 16129
20630 16130
20633 16133
15377 19877
15923 20423
20634 16134
20635 16135
15949 20449
20636 16136
20637 16137
20638 16138
20639 16139
20640 16140
15517 20017
20648 16148
20649 16149
20650 16150
15498 19998
20651 16151
20652 16152
20653 16153
20654 16154
20655 16155
16084 20584
20656 16156
20657 16157
20658 16158
20659 16159
20660 16160
20661 16161
20662 16162
16076 20576
20664 16164
20665 16165
20666 16166
20667 16167
20668 16168
15700 20200
15722 20222
20669 16169
15901 20401
20670 16170
16066 20566
15449 19949
15985 20485
15726 20226
20671 16171
20720 16220
20721 16221
20722 16222
20723 16223
15223 19723
20727 16227
20728 16228
15520 20020
20729 16229
20730 16230
15698 20198
20740 16240
20741 16241
16175 20675
20742 16242
15823 20323
20743 16243
20744 16244
20745 16245
20746 16246
20747 16247
16064 20564
20774 16274
15922 20422
20775 16275
20776 16276
15527 20027
15496 19996
20777 16277
16096 20596
15606 20106
20778 16278
20811 16311
20812 16312
20813 16313
20814 16314
20815 16315
20816 16316
20817 16317
16006 20506
20818 16318
15899 20399
20819 16319
20820 16320
20821 16321
20822 16322
15422 19922
16142 20642
20823 16323
15528 20028
20824 16324
20825 16325
20826 16326
20827 16327
15959 20459
15978 20478
20828 16328
20829 16329
15616 20116
20830 16330
20831 16331
20832 16332
20833 16333
20834 16334
20835 16335
15661 20161
20836 16336
20837 16337
20839 16339
20840 16340
20841 16341
20842 16342
16233 20733
20843 16343
20844 16344
20845 16345
20846 16346
15344 19844
20854 16354
15820 20320
16231 20731
15873 20373
16214 20714
20855 16355
20856 16356
15822 20322
20857 16357
15617 20117
16213 20713
16193 20693
20858 16358
20859 16359
20860 16360
15499 19999
15611 20111
20863 16363
20864 16364
20865 16365
20874 16374
20875 16375
20876 16376
20877 16377
15928 20428
20878 16378
20879 16379
15961 20461
20880 16380
20881 16381
15412 19912
20882 16382
20886 16386
20887 16387
20888 16388
20889 16389
20890 16390
15536 20036
20891 16391
16144 20644
20892 16392
20893 16393
16143 20643
15832 20332
20894 16394
16200 20700
20895 16395
20896 16396
20901 16401
20902 16402
15810 20310
20903 16403
20916 16416
20918 16418
20919 16419
20920 16420
20921 16421
20922 16422
15743 20243
16293 20793
15927 20427
20923 16423
20924 16424
15534 20034
20926 16426
16052 20552
15902 20402
20927 16427
15591 20091
16295 20795
20929 16429
20930 16430
16187 20687
20931 16431
20932 16432
20934 16434
16063 20563
20935 16435
20936 16436
15688 20188
20937 16437
15914 20414
16195 20695
15997 20497
20938 16438
20942 16442
16301 20801
20943 16443
15724 20224
20944 16444
20945 16445
20946 16446
20947 16447
20948 16448
20949 16449
20950 16450
20951 16451
20952 16452
20953 16453
20954 16454
20955 16455
15812 20312
20961 16461
20962 16462
15913 20413
20963 16463
20964 16464
15588 20088
15626 20126
20965 16465
20966 16466
20967 16467
16087 20587
20968 16468
16296 20796
15654 20154
16086 20586
20970 16470
20971 16471
20972 16472
20973 16473
20975 16475
16065 20565
20976 16476
20977 16477
20978 16478
15919 20419
16413 20913
16368 20868
PSrc PDst
14119 18619
18681 14181
18682 14182
18683 14183
14074 18574
18684 14184
18685 14185
18686 14186
18687 14187
18688 14188
18689 14189
18690 14190
18691 14191
14008 18508
18692 14192
18693 14193
18694 14194
18695 14195
18696 14196
18697 14197
18698 14198
18699 14199
18700 14200
18701 14201
18702 14202
18707 14207
18708 14208
18709 14209
14153 18653
18710 14210
18711 14211
18719 14219
14130 18630
18720 14220
18721 14221
14109 18609
18722 14222
18723 14223
18724 14224
18725 14225
18726 14226
18727 14227
14043 18543
18728 14228
14168 18668
14103 18603
18729 14229
18730 14230
18731 14231
18732 14232
18733 14233
18734 14234
18735 14235
14003 18503
14165 18665
18736 14236
18737 14237
18738 14238
18739 14239
18740 14240
18741 14241
18742 14242
18743 14243
18744 14244
18745 14245
18746 14246
18747 14247
18748 14248
18749 14249
18750 14250
18751 14251
18752 14252
18753 14253
18754 14254
14141 18641
18755 14255
14015 18515
18756 14256
14040 18540
18757 14257
18758 14258
18759 14259
18760 14260
18761 14261
14121 18621
14088 18588
18762 14262
18763 14263
18764 14264
18765 14265
18767 14267
18768 14268
18769 14269
18827 14327
18828 14328
18829 14329
18830 14330
18831 14331
18832 14332
18833 14333
18834 14334
18835 14335
18836 14336
14132 18632
14282 18782
18837 14337
18838 14338
18839 14339
18840 14340
18841 14341
18842 14342
18843 14343
18844 14344
18845 14345
18846 14346
18847 14347
18848 14348
18849 14349
18850 14350
18851 14351
14084 18584
18853 14353
18854 14354
18855 14355
18856 14356
14174 18674
18857 14357
18970 14470
18971 14471
14138 18638
18972 14472
18973 14473
18974 14474
18975 14475
18976 14476
18977 14477
18978 14478
14173 18673
18979 14479
18980 14480
14107 18607
14050 18550
18981 14481
18982 14482
18983 14483
18984 14484
14179 18679
18985 14485
14020 18520
14318 18818
14393 18893
18986 14486
18987 14487
18988 14488
18989 14489
18990 14490
18991 14491
14054 18554
18992 14492
18993 14493
18994 14494
14420 18920
14051 18551
14180 18680
18995 14495
18996 14496
18997 14497
18998 14498
14076 18576
18999 14499
19000 14500
19001 14501
19002 14502
19003 14503
19016 14516
19017 14517
19018 14518
14031 18531
19019 14519
19020 14520
19021 14521
19022 14522
19023 14523
19024 14524
14080 18580
14097 18597
19025 14525
19026 14526
19027 14527
14063 18563
19029 14529
19030 14530
19031 14531
14402 18902
19034 14534
19035 14535
19036 14536
14010 18510
14365 18865
19037 14537
19038 14538
19039 14539
14392 18892
19040 14540
14289 18789
19044 14544
19045 14545
19046 14546
19047 14547
19048 14548
19049 14549
19050 14550
14398 18898
14294 18794
14061 18561
19051 14551
19052 14552
14021 18521
14558 19058
14301 18801
14102 18602
14360 18860
19117 14617
19118 14618
14049 18549
14115 18615
19119 14619
19120 14620
19121 14621
19122 14622
19123 14623
19124 14624
19125 14625
14079 18579
14014 18514
19126 14626
19128 14628
14457 18957
19129 14629
19130 14630
19131 14631
19132 14632
